,ArUcoTag#24,ArUcoTag#61,ArUcoTag#20,ArUcoTag#49,ArUcoTag#50,ArUcoTag#12,ArUcoTag#13,ArUcoTag#10,ArUcoTag#31,ArUcoTag#52,ArUcoTag#54,ArUcoTag#18,ArUcoTag#45,ArUcoTag#6,ArUcoTag#17,ArUcoTag#9,ArUcoTag#48,ArUcoTag#55,ArUcoTag#19,ArUcoTag#42,ArUcoTag#53,ArUcoTag#35,ArUcoTag#30,ArUcoTag#4,ArUcoTag#21,ArUcoTag#43,ArUcoTag#1,ArUcoTag#47,ArUcoTag#8,ArUcoTag#5,ArUcoTag#37,ArUcoTag#22,ArUcoTag#36,ArUcoTag#23,ArUcoTag#60,ArUcoTag#33,ArUcoTag#46,ArUcoTag#39,ArUcoTag#25,ArUcoTag#56,ArUcoTag#59,ArUcoTag#11,ArUcoTag#15,ArUcoTag#51,ArUcoTag#41,ArUcoTag#34,ArUcoTag#38,ArUcoTag#3,ArUcoTag#44,ArUcoTag#7
ArUcoTag#24,0.0,9449.0,8907.0,11556.0,11358.0,9064.0,11664.0,8932.0,8963.0,11018.0,8344.0,7452.0,5791.0,5120.0,4956.0,5467.0,7510.0,7117.0,6783.0,8687.0,7082.0,9527.0,9585.0,8431.0,8328.0,9273.0,5500.0,5007.0,4572.0,6135.0,6507.0,7320.0,6708.0,5046.0,5664.0,13751.0,15608.0,14958.0,14500.0,13494.0,13026.0,12686.0,16450.0,14625.0,25486.0,19572.0,22178.0,18491.0,15778.0,19319.0
ArUcoTag#61,9449.0,0.0,2158.0,2792.0,2311.0,2743.0,3033.0,2744.0,2241.0,2758.0,2761.0,4883.0,2566.0,3133.0,2437.0,2399.0,4295.0,2643.0,3363.0,3343.0,2868.0,6868.0,2196.0,3517.0,3605.0,2959.0,1946.0,2618.0,5607.0,4005.0,2545.0,5486.0,3541.0,4071.0,2596.0,3549.0,2665.0,2630.0,3638.0,3078.0,3425.0,2716.0,4053.0,3386.0,4436.0,3636.0,3014.0,4130.0,3448.0,1889.0
ArUcoTag#20,8907.0,2158.0,0.0,3100.0,2904.0,4071.0,2445.0,3101.0,3148.0,4353.0,6730.0,4980.0,4216.0,4021.0,3025.0,3413.0,3445.0,4270.0,4302.0,4933.0,3585.0,3298.0,3088.0,3955.0,4513.0,3145.0,3279.0,2697.0,1828.0,1440.0,1923.0,2710.0,2808.0,3023.0,2880.0,4405.0,3312.0,3342.0,3779.0,5071.0,3653.0,3988.0,5098.0,3212.0,3418.0,3260.0,3376.0,2621.0,2754.0,3222.0
ArUcoTag#49,11556.0,2792.0,3100.0,0.0,3563.0,2941.0,2985.0,3081.0,3151.0,3265.0,3667.0,5059.0,4477.0,3268.0,3130.0,3140.0,2532.0,2366.0,2960.0,2932.0,3239.0,3798.0,3900.0,3510.0,2897.0,3510.0,2747.0,2471.0,2700.0,2207.0,2682.0,2209.0,3077.0,3701.0,3268.0,3792.0,3854.0,4132.0,2873.0,3110.0,3872.0,3206.0,4580.0,3122.0,4253.0,4215.0,3411.0,3790.0,2491.0,2090.0
ArUcoTag#50,11358.0,2311.0,2904.0,3563.0,0.0,2922.0,3154.0,3445.0,3115.0,4399.0,3753.0,4376.0,4082.0,3589.0,4118.0,2791.0,3017.0,3424.0,2582.0,4024.0,2430.0,3275.0,2986.0,3672.0,3721.0,3737.0,2832.0,2670.0,2852.0,1596.0,1818.0,2815.0,2649.0,2957.0,3279.0,3758.0,3838.0,4042.0,3156.0,4037.0,3701.0,3593.0,4262.0,2614.0,3123.0,3144.0,4190.0,2193.0,3066.0,2169.0
ArUcoTag#12,9064.0,2743.0,4071.0,2941.0,2922.0,0.0,3108.0,3161.0,3896.0,3181.0,2929.0,3547.0,3464.0,3366.0,3437.0,2687.0,2661.0,3658.0,2989.0,3045.0,3744.0,2668.0,3096.0,4458.0,3889.0,3217.0,3009.0,3187.0,3000.0,1571.0,2063.0,2804.0,2704.0,3202.0,2909.0,3477.0,3357.0,2898.0,3434.0,3645.0,4026.0,3193.0,3593.0,3181.0,3572.0,3512.0,3588.0,2997.0,3402.0,3141.0
ArUcoTag#13,11664.0,3033.0,2445.0,2985.0,3154.0,3108.0,0.0,2429.0,2308.0,2756.0,3420.0,3060.0,4215.0,2920.0,3333.0,2541.0,3247.0,3190.0,2617.0,2722.0,2054.0,3707.0,3108.0,4875.0,2897.0,2921.0,2294.0,2387.0,2889.0,1577.0,1986.0,2819.0,2724.0,2517.0,2734.0,3090.0,3213.0,2498.0,2931.0,3044.0,2801.0,3011.0,3275.0,3040.0,2644.0,2460.0,3363.0,3077.0,4354.0,2184.0
ArUcoTag#10,8932.0,2744.0,3101.0,3081.0,3445.0,3161.0,2429.0,0.0,3015.0,3390.0,3351.0,2880.0,3233.0,3157.0,3225.0,3881.0,2462.0,3070.0,3098.0,2542.0,2714.0,2111.0,2509.0,2610.0,3364.0,3428.0,4075.0,3273.0,2889.0,1360.0,2217.0,2302.0,2295.0,2088.0,2300.0,3489.0,3203.0,2611.0,2951.0,2925.0,3273.0,3629.0,3669.0,3995.0,2505.0,2316.0,3020.0,3375.0,2808.0,2179.0
ArUcoTag#31,8963.0,2241.0,3148.0,3151.0,3115.0,3896.0,2308.0,3015.0,0.0,4525.0,2959.0,3359.0,3537.0,3058.0,3015.0,3623.0,2869.0,3341.0,3302.0,3619.0,3042.0,2519.0,2972.0,3451.0,3556.0,3857.0,2873.0,1970.0,1950.0,1458.0,2101.0,2786.0,2739.0,2626.0,3283.0,4180.0,3099.0,3159.0,3101.0,3154.0,3972.0,3419.0,4185.0,3107.0,3382.0,3695.0,3188.0,3133.0,2218.0,2084.0
ArUcoTag#52,11018.0,2758.0,4353.0,3265.0,4399.0,3181.0,2756.0,3390.0,4525.0,0.0,3224.0,3719.0,3388.0,4041.0,3554.0,3910.0,3441.0,4889.0,3969.0,3799.0,3351.0,2753.0,5629.0,3481.0,5016.0,3868.0,2444.0,2315.0,2149.0,2199.0,2165.0,4105.0,3380.0,2937.0,2531.0,4279.0,3399.0,3820.0,5055.0,3676.0,3511.0,5019.0,4150.0,3237.0,3228.0,2860.0,3305.0,2920.0,2153.0,2329.0
ArUcoTag#54,8344.0,2761.0,6730.0,3667.0,3753.0,2929.0,3420.0,3351.0,2959.0,3224.0,0.0,5411.0,3656.0,3697.0,3335.0,4033.0,2918.0,4019.0,3135.0,3974.0,3415.0,3132.0,2934.0,3298.0,3899.0,4016.0,2766.0,2098.0,2389.0,1620.0,2313.0,2551.0,2181.0,2086.0,2878.0,3558.0,3482.0,3333.0,3152.0,3864.0,4309.0,4218.0,3470.0,3206.0,2931.0,3300.0,4151.0,2644.0,2671.0,2713.0
ArUcoTag#18,7452.0,4883.0,4980.0,5059.0,4376.0,3547.0,3060.0,2880.0,3359.0,3719.0,5411.0,0.0,4067.0,3124.0,3550.0,3589.0,3543.0,3712.0,3122.0,3379.0,3103.0,3904.0,3001.0,2984.0,3669.0,3095.0,2954.0,3423.0,3065.0,2615.0,3172.0,3843.0,2994.0,3605.0,2704.0,3585.0,4106.0,2919.0,3094.0,4258.0,3645.0,4359.0,3961.0,4581.0,3333.0,3325.0,4074.0,3667.0,5516.0,3007.0
ArUcoTag#45,5791.0,2566.0,4216.0,4477.0,4082.0,3464.0,4215.0,3233.0,3537.0,3388.0,3656.0,4067.0,0.0,3340.0,3172.0,3450.0,3343.0,3648.0,2526.0,2593.0,2525.0,3295.0,3570.0,4034.0,4339.0,3814.0,3488.0,3950.0,4659.0,2115.0,2176.0,2302.0,2859.0,3771.0,3114.0,3347.0,4004.0,4043.0,3797.0,3099.0,3578.0,3492.0,4128.0,3686.0,3598.0,3396.0,2805.0,2855.0,2652.0,2897.0
ArUcoTag#6,5120.0,3133.0,4021.0,3268.0,3589.0,3366.0,2920.0,3157.0,3058.0,4041.0,3697.0,3124.0,3340.0,0.0,3059.0,3729.0,4166.0,4357.0,4471.0,3383.0,4163.0,2458.0,3658.0,3858.0,3912.0,2835.0,2453.0,2654.0,2334.0,1596.0,2505.0,2488.0,2523.0,3719.0,2346.0,4240.0,3060.0,2582.0,2734.0,3249.0,3554.0,3915.0,3564.0,4286.0,4733.0,3605.0,2495.0,3380.0,3240.0,2330.0
ArUcoTag#17,4956.0,2437.0,3025.0,3130.0,4118.0,3437.0,3333.0,3225.0,3015.0,3554.0,3335.0,3550.0,3172.0,3059.0,0.0,2510.0,2564.0,3440.0,3391.0,3632.0,2834.0,2780.0,2960.0,3143.0,3097.0,3640.0,3143.0,3490.0,2597.0,1745.0,2044.0,2209.0,2842.0,3135.0,3217.0,3258.0,2832.0,3097.0,3204.0,3838.0,3439.0,2895.0,4080.0,3864.0,2541.0,2507.0,3228.0,3296.0,2417.0,2351.0
ArUcoTag#9,5467.0,2399.0,3413.0,3140.0,2791.0,2687.0,2541.0,3881.0,3623.0,3910.0,4033.0,3589.0,3450.0,3729.0,2510.0,0.0,3193.0,4012.0,3612.0,2608.0,2678.0,3441.0,2854.0,3372.0,3610.0,2647.0,2419.0,3020.0,2323.0,1740.0,2132.0,3552.0,2973.0,2744.0,2139.0,4215.0,2650.0,2704.0,2954.0,3943.0,3262.0,3302.0,2993.0,3747.0,3070.0,2470.0,2911.0,3461.0,3194.0,2607.0
ArUcoTag#48,7510.0,4295.0,3445.0,2532.0,3017.0,2661.0,3247.0,2462.0,2869.0,3441.0,2918.0,3543.0,3343.0,4166.0,2564.0,3193.0,0.0,3359.0,3521.0,2778.0,3983.0,3593.0,2968.0,3326.0,3369.0,2875.0,2811.0,2472.0,4586.0,2072.0,2603.0,3346.0,4317.0,2210.0,2615.0,3404.0,3755.0,2308.0,2496.0,3207.0,4657.0,4604.0,3683.0,3968.0,2942.0,3192.0,3207.0,4920.0,3043.0,2441.0
ArUcoTag#55,7117.0,2643.0,4270.0,2366.0,3424.0,3658.0,3190.0,3070.0,3341.0,4889.0,4019.0,3712.0,3648.0,4357.0,3440.0,4012.0,3359.0,0.0,3795.0,3286.0,3811.0,2457.0,3016.0,4341.0,4576.0,4612.0,3015.0,3688.0,1914.0,1477.0,2863.0,3135.0,3198.0,2550.0,2396.0,4790.0,2854.0,3306.0,3235.0,4067.0,3502.0,3396.0,4696.0,4010.0,2884.0,2811.0,2765.0,3705.0,2912.0,2626.0
ArUcoTag#19,6783.0,3363.0,4302.0,2960.0,2582.0,2989.0,2617.0,3098.0,3302.0,3969.0,3135.0,3122.0,2526.0,4471.0,3391.0,3612.0,3521.0,3795.0,0.0,2865.0,3093.0,2552.0,3170.0,3955.0,3295.0,2746.0,3466.0,2094.0,2615.0,1704.0,2629.0,3413.0,2588.0,2456.0,2483.0,4235.0,2988.0,3479.0,2569.0,3778.0,3907.0,3949.0,3749.0,5104.0,3491.0,3336.0,5229.0,3347.0,2924.0,2141.0
ArUcoTag#42,8687.0,3343.0,4933.0,2932.0,4024.0,3045.0,2722.0,2542.0,3619.0,3799.0,3974.0,3379.0,2593.0,3383.0,3632.0,2608.0,2778.0,3286.0,2865.0,0.0,2563.0,2920.0,2810.0,2939.0,4137.0,3863.0,2919.0,1792.0,2601.0,1757.0,3560.0,2321.0,2780.0,2574.0,2233.0,4740.0,4420.0,3302.0,2618.0,3948.0,2828.0,3030.0,3902.0,3415.0,2957.0,3025.0,4891.0,3113.0,2480.0,2096.0
ArUcoTag#53,7082.0,2868.0,3585.0,3239.0,2430.0,3744.0,2054.0,2714.0,3042.0,3351.0,3415.0,3103.0,2525.0,4163.0,2834.0,2678.0,3983.0,3811.0,3093.0,2563.0,0.0,3324.0,2705.0,3181.0,3303.0,3241.0,3354.0,2258.0,2544.0,2213.0,2403.0,3353.0,3337.0,2393.0,2838.0,3857.0,3613.0,3208.0,2860.0,3689.0,2516.0,4017.0,4417.0,3245.0,3065.0,3117.0,2952.0,2998.0,2842.0,2387.0
ArUcoTag#35,9527.0,6868.0,3298.0,3798.0,3275.0,2668.0,3707.0,2111.0,2519.0,2753.0,3132.0,3904.0,3295.0,2458.0,2780.0,3441.0,3593.0,2457.0,2552.0,2920.0,3324.0,0.0,3029.0,3089.0,2970.0,2758.0,2326.0,2305.0,5848.0,2999.0,2397.0,2515.0,2795.0,2487.0,2510.0,3618.0,3206.0,3425.0,2955.0,4977.0,3449.0,3151.0,5157.0,3053.0,2961.0,3746.0,3305.0,2889.0,3096.0,2985.0
ArUcoTag#30,9585.0,2196.0,3088.0,3900.0,2986.0,3096.0,3108.0,2509.0,2972.0,5629.0,2934.0,3001.0,3570.0,3658.0,2960.0,2854.0,2968.0,3016.0,3170.0,2810.0,2705.0,3029.0,0.0,2751.0,3632.0,3596.0,3141.0,4537.0,4850.0,1941.0,2278.0,2465.0,2408.0,3241.0,3260.0,2738.0,3472.0,4260.0,4952.0,5105.0,4216.0,3945.0,3946.0,2683.0,3444.0,2547.0,3916.0,2466.0,2461.0,2965.0
ArUcoTag#4,8431.0,3517.0,3955.0,3510.0,3672.0,4458.0,4875.0,2610.0,3451.0,3481.0,3298.0,2984.0,4034.0,3858.0,3143.0,3372.0,3326.0,4341.0,3955.0,2939.0,3181.0,3089.0,2751.0,0.0,3838.0,2691.0,2667.0,2419.0,2225.0,1660.0,2541.0,2704.0,2532.0,2987.0,2816.0,3578.0,3982.0,3751.0,3352.0,6100.0,4346.0,4138.0,4376.0,4127.0,2490.0,2677.0,2957.0,5414.0,3087.0,2570.0
ArUcoTag#21,8328.0,3605.0,4513.0,2897.0,3721.0,3889.0,2897.0,3364.0,3556.0,5016.0,3899.0,3669.0,4339.0,3912.0,3097.0,3610.0,3369.0,4576.0,3295.0,4137.0,3303.0,2970.0,3632.0,3838.0,0.0,3483.0,2714.0,2031.0,2826.0,1474.0,2221.0,2935.0,2669.0,2624.0,2684.0,3938.0,3696.0,3547.0,3728.0,4132.0,4145.0,4236.0,4494.0,3516.0,2921.0,3150.0,4076.0,3010.0,2738.0,3224.0
ArUcoTag#43,9273.0,2959.0,3145.0,3510.0,3737.0,3217.0,2921.0,3428.0,3857.0,3868.0,4016.0,3095.0,3814.0,2835.0,3640.0,2647.0,2875.0,4612.0,2746.0,3863.0,3241.0,2758.0,3596.0,2691.0,3483.0,0.0,2932.0,2337.0,2104.0,1788.0,2244.0,2865.0,2601.0,2644.0,2858.0,3208.0,3356.0,3269.0,4058.0,4889.0,3833.0,4556.0,4354.0,3035.0,3467.0,3897.0,3327.0,2565.0,1963.0,2200.0
ArUcoTag#1,5500.0,1946.0,3279.0,2747.0,2832.0,3009.0,2294.0,4075.0,2873.0,2444.0,2766.0,2954.0,3488.0,2453.0,3143.0,2419.0,2811.0,3015.0,3466.0,2919.0,3354.0,2326.0,3141.0,2667.0,2714.0,2932.0,0.0,2368.0,3008.0,1558.0,1533.0,2505.0,2176.0,2737.0,1943.0,10089.0,2573.0,2669.0,2363.0,2920.0,2561.0,2429.0,3265.0,3227.0,2796.0,1957.0,2585.0,2692.0,5754.0,2455.0
ArUcoTag#47,5007.0,2618.0,2697.0,2471.0,2670.0,3187.0,2387.0,3273.0,1970.0,2315.0,2098.0,3423.0,3950.0,2654.0,3490.0,3020.0,2472.0,3688.0,2094.0,1792.0,2258.0,2305.0,4537.0,2419.0,2031.0,2337.0,2368.0,0.0,2804.0,2598.0,1155.0,2576.0,2380.0,3605.0,3028.0,2480.0,3376.0,2075.0,3070.0,3839.0,2376.0,2245.0,2753.0,2365.0,2813.0,3673.0,2350.0,2042.0,3751.0,2333.0
ArUcoTag#8,4572.0,5607.0,1828.0,2700.0,2852.0,3000.0,2889.0,2889.0,1950.0,2149.0,2389.0,3065.0,4659.0,2334.0,2597.0,2323.0,4586.0,1914.0,2615.0,2601.0,2544.0,5848.0,4850.0,2225.0,2826.0,2104.0,3008.0,2804.0,0.0,3761.0,1409.0,2866.0,2352.0,2832.0,2708.0,3749.0,2987.0,2728.0,2401.0,2161.0,2408.0,2226.0,3297.0,3450.0,2470.0,4014.0,2696.0,3169.0,2273.0,2402.0
ArUcoTag#5,6135.0,4005.0,1440.0,2207.0,1596.0,1571.0,1577.0,1360.0,1458.0,2199.0,1620.0,2615.0,2115.0,1596.0,1745.0,1740.0,2072.0,1477.0,1704.0,1757.0,2213.0,2999.0,1941.0,1660.0,1474.0,1788.0,1558.0,2598.0,3761.0,0.0,2080.0,2886.0,2549.0,1996.0,1687.0,1506.0,2097.0,2535.0,1428.0,1979.0,1402.0,1811.0,2075.0,2400.0,2278.0,3129.0,1979.0,3163.0,2759.0,1459.0
ArUcoTag#37,6507.0,2545.0,1923.0,2682.0,1818.0,2063.0,1986.0,2217.0,2101.0,2165.0,2313.0,3172.0,2176.0,2505.0,2044.0,2132.0,2603.0,2863.0,2629.0,3560.0,2403.0,2397.0,2278.0,2541.0,2221.0,2244.0,1533.0,1155.0,1409.0,2080.0,0.0,1991.0,2252.0,1699.0,1500.0,2506.0,2289.0,2114.0,1795.0,2575.0,2416.0,2626.0,3381.0,3149.0,2278.0,3603.0,2440.0,3731.0,1564.0,1894.0
ArUcoTag#22,7320.0,5486.0,2710.0,2209.0,2815.0,2804.0,2819.0,2302.0,2786.0,4105.0,2551.0,3843.0,2302.0,2488.0,2209.0,3552.0,3346.0,3135.0,3413.0,2321.0,3353.0,2515.0,2465.0,2704.0,2935.0,2865.0,2505.0,2576.0,2866.0,2886.0,1991.0,0.0,2565.0,2410.0,2715.0,3098.0,2164.0,2465.0,1998.0,3890.0,2538.0,3303.0,3003.0,3233.0,2512.0,2412.0,2646.0,4807.0,3251.0,2769.0
ArUcoTag#36,6708.0,3541.0,2808.0,3077.0,2649.0,2704.0,2724.0,2295.0,2739.0,3380.0,2181.0,2994.0,2859.0,2523.0,2842.0,2973.0,4317.0,3198.0,2588.0,2780.0,3337.0,2795.0,2408.0,2532.0,2669.0,2601.0,2176.0,2380.0,2352.0,2549.0,2252.0,2565.0,0.0,2551.0,2506.0,4345.0,2309.0,3470.0,2101.0,3221.0,3102.0,2899.0,3943.0,2963.0,3273.0,2820.0,3088.0,3408.0,2143.0,1789.0
ArUcoTag#23,5046.0,4071.0,3023.0,3701.0,2957.0,3202.0,2517.0,2088.0,2626.0,2937.0,2086.0,3605.0,3771.0,3719.0,3135.0,2744.0,2210.0,2550.0,2456.0,2574.0,2393.0,2487.0,3241.0,2987.0,2624.0,2644.0,2737.0,3605.0,2832.0,1996.0,1699.0,2410.0,2551.0,0.0,2484.0,2492.0,2653.0,2557.0,2949.0,2676.0,3118.0,2098.0,2898.0,5507.0,2394.0,2762.0,3748.0,2324.0,2588.0,2370.0
ArUcoTag#60,5664.0,2596.0,2880.0,3268.0,3279.0,2909.0,2734.0,2300.0,3283.0,2531.0,2878.0,2704.0,3114.0,2346.0,3217.0,2139.0,2615.0,2396.0,2483.0,2233.0,2838.0,2510.0,3260.0,2816.0,2684.0,2858.0,1943.0,3028.0,2708.0,1687.0,1500.0,2715.0,2506.0,2484.0,0.0,2539.0,3009.0,3317.0,2743.0,3102.0,2904.0,2660.0,2951.0,2650.0,2651.0,3194.0,3223.0,2846.0,4263.0,2138.0
ArUcoTag#33,13751.0,3549.0,4405.0,3792.0,3758.0,3477.0,3090.0,3489.0,4180.0,4279.0,3558.0,3585.0,3347.0,4240.0,3258.0,4215.0,3404.0,4790.0,4235.0,4740.0,3857.0,3618.0,2738.0,3578.0,3938.0,3208.0,10089.0,2480.0,3749.0,1506.0,2506.0,3098.0,4345.0,2492.0,2539.0,0.0,3745.0,2896.0,2785.0,4010.0,3903.0,4336.0,4830.0,5150.0,3011.0,2947.0,3603.0,2884.0,2706.0,3068.0
ArUcoTag#46,15608.0,2665.0,3312.0,3854.0,3838.0,3357.0,3213.0,3203.0,3099.0,3399.0,3482.0,4106.0,4004.0,3060.0,2832.0,2650.0,3755.0,2854.0,2988.0,4420.0,3613.0,3206.0,3472.0,3982.0,3696.0,3356.0,2573.0,3376.0,2987.0,2097.0,2289.0,2164.0,2309.0,2653.0,3009.0,3745.0,0.0,3753.0,2739.0,3971.0,3897.0,3488.0,4857.0,3004.0,3503.0,3372.0,3970.0,2772.0,2702.0,2917.0
ArUcoTag#39,14958.0,2630.0,3342.0,4132.0,4042.0,2898.0,2498.0,2611.0,3159.0,3820.0,3333.0,2919.0,4043.0,2582.0,3097.0,2704.0,2308.0,3306.0,3479.0,3302.0,3208.0,3425.0,4260.0,3751.0,3547.0,3269.0,2669.0,2075.0,2728.0,2535.0,2114.0,2465.0,3470.0,2557.0,3317.0,2896.0,3753.0,0.0,2793.0,3710.0,3373.0,3522.0,4027.0,2883.0,2688.0,3019.0,3104.0,2444.0,2156.0,3314.0
ArUcoTag#25,14500.0,3638.0,3779.0,2873.0,3156.0,3434.0,2931.0,2951.0,3101.0,5055.0,3152.0,3094.0,3797.0,2734.0,3204.0,2954.0,2496.0,3235.0,2569.0,2618.0,2860.0,2955.0,4952.0,3352.0,3728.0,4058.0,2363.0,3070.0,2401.0,1428.0,1795.0,1998.0,2101.0,2949.0,2743.0,2785.0,2739.0,2793.0,0.0,2898.0,3013.0,3179.0,3306.0,3458.0,2606.0,2709.0,2953.0,2634.0,2148.0,2702.0
ArUcoTag#56,13494.0,3078.0,5071.0,3110.0,4037.0,3645.0,3044.0,2925.0,3154.0,3676.0,3864.0,4258.0,3099.0,3249.0,3838.0,3943.0,3207.0,4067.0,3778.0,3948.0,3689.0,4977.0,5105.0,6100.0,4132.0,4889.0,2920.0,3839.0,2161.0,1979.0,2575.0,3890.0,3221.0,2676.0,3102.0,4010.0,3971.0,3710.0,2898.0,0.0,3529.0,3651.0,4732.0,3883.0,3184.0,2791.0,4017.0,2949.0,3653.0,2640.0
ArUcoTag#59,13026.0,3425.0,3653.0,3872.0,3701.0,4026.0,2801.0,3273.0,3972.0,3511.0,4309.0,3645.0,3578.0,3554.0,3439.0,3262.0,4657.0,3502.0,3907.0,2828.0,2516.0,3449.0,4216.0,4346.0,4145.0,3833.0,2561.0,2376.0,2408.0,1402.0,2416.0,2538.0,3102.0,3118.0,2904.0,3903.0,3897.0,3373.0,3013.0,3529.0,0.0,3619.0,3676.0,3252.0,3296.0,4823.0,3899.0,4086.0,2583.0,2452.0
ArUcoTag#11,12686.0,2716.0,3988.0,3206.0,3593.0,3193.0,3011.0,3629.0,3419.0,5019.0,4218.0,4359.0,3492.0,3915.0,2895.0,3302.0,4604.0,3396.0,3949.0,3030.0,4017.0,3151.0,3945.0,4138.0,4236.0,4556.0,2429.0,2245.0,2226.0,1811.0,2626.0,3303.0,2899.0,2098.0,2660.0,4336.0,3488.0,3522.0,3179.0,3651.0,3619.0,0.0,5138.0,3658.0,3741.0,3318.0,3650.0,4484.0,2680.0,2176.0
ArUcoTag#15,16450.0,4053.0,5098.0,4580.0,4262.0,3593.0,3275.0,3669.0,4185.0,4150.0,3470.0,3961.0,4128.0,3564.0,4080.0,2993.0,3683.0,4696.0,3749.0,3902.0,4417.0,5157.0,3946.0,4376.0,4494.0,4354.0,3265.0,2753.0,3297.0,2075.0,3381.0,3003.0,3943.0,2898.0,2951.0,4830.0,4857.0,4027.0,3306.0,4732.0,3676.0,5138.0,0.0,3236.0,4571.0,4412.0,5564.0,4001.0,2955.0,2911.0
ArUcoTag#51,14625.0,3386.0,3212.0,3122.0,2614.0,3181.0,3040.0,3995.0,3107.0,3237.0,3206.0,4581.0,3686.0,4286.0,3864.0,3747.0,3968.0,4010.0,5104.0,3415.0,3245.0,3053.0,2683.0,4127.0,3516.0,3035.0,3227.0,2365.0,3450.0,2400.0,3149.0,3233.0,2963.0,5507.0,2650.0,5150.0,3004.0,2883.0,3458.0,3883.0,3252.0,3658.0,3236.0,0.0,4939.0,2851.0,3373.0,4339.0,4422.0,2869.0
ArUcoTag#41,25486.0,4436.0,3418.0,4253.0,3123.0,3572.0,2644.0,2505.0,3382.0,3228.0,2931.0,3333.0,3598.0,4733.0,2541.0,3070.0,2942.0,2884.0,3491.0,2957.0,3065.0,2961.0,3444.0,2490.0,2921.0,3467.0,2796.0,2813.0,2470.0,2278.0,2278.0,2512.0,3273.0,2394.0,2651.0,3011.0,3503.0,2688.0,2606.0,3184.0,3296.0,3741.0,4571.0,4939.0,0.0,3067.0,3598.0,3145.0,3674.0,1985.0
ArUcoTag#34,19572.0,3636.0,3260.0,4215.0,3144.0,3512.0,2460.0,2316.0,3695.0,2860.0,3300.0,3325.0,3396.0,3605.0,2507.0,2470.0,3192.0,2811.0,3336.0,3025.0,3117.0,3746.0,2547.0,2677.0,3150.0,3897.0,1957.0,3673.0,4014.0,3129.0,3603.0,2412.0,2820.0,2762.0,3194.0,2947.0,3372.0,3019.0,2709.0,2791.0,4823.0,3318.0,4412.0,2851.0,3067.0,0.0,3376.0,4490.0,2365.0,2965.0
ArUcoTag#38,22178.0,3014.0,3376.0,3411.0,4190.0,3588.0,3363.0,3020.0,3188.0,3305.0,4151.0,4074.0,2805.0,2495.0,3228.0,2911.0,3207.0,2765.0,5229.0,4891.0,2952.0,3305.0,3916.0,2957.0,4076.0,3327.0,2585.0,2350.0,2696.0,1979.0,2440.0,2646.0,3088.0,3748.0,3223.0,3603.0,3970.0,3104.0,2953.0,4017.0,3899.0,3650.0,5564.0,3373.0,3598.0,3376.0,0.0,3012.0,2466.0,2511.0
ArUcoTag#3,18491.0,4130.0,2621.0,3790.0,2193.0,2997.0,3077.0,3375.0,3133.0,2920.0,2644.0,3667.0,2855.0,3380.0,3296.0,3461.0,4920.0,3705.0,3347.0,3113.0,2998.0,2889.0,2466.0,5414.0,3010.0,2565.0,2692.0,2042.0,3169.0,3163.0,3731.0,4807.0,3408.0,2324.0,2846.0,2884.0,2772.0,2444.0,2634.0,2949.0,4086.0,4484.0,4001.0,4339.0,3145.0,4490.0,3012.0,0.0,4024.0,2701.0
ArUcoTag#44,15778.0,3448.0,2754.0,2491.0,3066.0,3402.0,4354.0,2808.0,2218.0,2153.0,2671.0,5516.0,2652.0,3240.0,2417.0,3194.0,3043.0,2912.0,2924.0,2480.0,2842.0,3096.0,2461.0,3087.0,2738.0,1963.0,5754.0,3751.0,2273.0,2759.0,1564.0,3251.0,2143.0,2588.0,4263.0,2706.0,2702.0,2156.0,2148.0,3653.0,2583.0,2680.0,2955.0,4422.0,3674.0,2365.0,2466.0,4024.0,0.0,2620.0
ArUcoTag#7,19319.0,1889.0,3222.0,2090.0,2169.0,3141.0,2184.0,2179.0,2084.0,2329.0,2713.0,3007.0,2897.0,2330.0,2351.0,2607.0,2441.0,2626.0,2141.0,2096.0,2387.0,2985.0,2965.0,2570.0,3224.0,2200.0,2455.0,2333.0,2402.0,1459.0,1894.0,2769.0,1789.0,2370.0,2138.0,3068.0,2917.0,3314.0,2702.0,2640.0,2452.0,2176.0,2911.0,2869.0,1985.0,2965.0,2511.0,2701.0,2620.0,0.0
