,ArUcoTag#13,ArUcoTag#16,ArUcoTag#56,ArUcoTag#49,ArUcoTag#19,ArUcoTag#61,ArUcoTag#32,ArUcoTag#48,ArUcoTag#6,ArUcoTag#15,ArUcoTag#23,ArUcoTag#44,ArUcoTag#53,ArUcoTag#5,ArUcoTag#51,ArUcoTag#27,ArUcoTag#18,ArUcoTag#40,ArUcoTag#17,ArUcoTag#4,ArUcoTag#39,ArUcoTag#36,ArUcoTag#55,ArUcoTag#14,ArUcoTag#30,ArUcoTag#33,ArUcoTag#46,ArUcoTag#20,ArUcoTag#38,ArUcoTag#11,ArUcoTag#12,ArUcoTag#25,ArUcoTag#21,ArUcoTag#57,ArUcoTag#59,ArUcoTag#3,ArUcoTag#2,ArUcoTag#28,ArUcoTag#58,ArUcoTag#41,ArUcoTag#43,ArUcoTag#47,ArUcoTag#29,ArUcoTag#9,ArUcoTag#50,ArUcoTag#7,ArUcoTag#10,ArUcoTag#26,ArUcoTag#42,ArUcoTag#52
ArUcoTag#13,0.0,1129.0,2909.0,2963.0,4602.0,5167.0,3554.0,3935.0,3603.0,5095.0,3774.0,7904.0,6462.0,5226.0,5935.0,4742.0,6340.0,6632.0,5056.0,4777.0,3921.0,6665.0,5553.0,5884.0,5025.0,6139.0,4651.0,5040.0,3584.0,5371.0,7684.0,6769.0,6256.0,6924.0,6283.0,5660.0,6609.0,5355.0,7541.0,10211.0,9087.0,6959.0,8170.0,7654.0,12613.0,9420.0,6371.0,6345.0,8194.0,9499.0
ArUcoTag#16,1129.0,0.0,2394.0,1405.0,1140.0,888.0,1596.0,1496.0,1601.0,2048.0,934.0,1515.0,1578.0,2007.0,1880.0,1677.0,2196.0,1707.0,943.0,1858.0,1352.0,1980.0,1179.0,2120.0,1668.0,1702.0,1864.0,2987.0,2330.0,1884.0,1907.0,2114.0,1693.0,2296.0,1531.0,1429.0,1677.0,2182.0,2190.0,1361.0,1038.0,1199.0,1078.0,2035.0,1687.0,1385.0,2419.0,2864.0,1425.0,1430.0
ArUcoTag#56,2909.0,2394.0,0.0,1557.0,1295.0,1224.0,1952.0,2197.0,1670.0,1978.0,2343.0,1740.0,2233.0,1614.0,1670.0,2820.0,2291.0,2210.0,1971.0,1940.0,2021.0,3015.0,1308.0,2192.0,2088.0,1975.0,2182.0,2402.0,1743.0,2023.0,2149.0,2044.0,3232.0,2676.0,2233.0,2419.0,2058.0,1727.0,2093.0,2028.0,1833.0,2201.0,2131.0,1611.0,2446.0,3046.0,2339.0,3017.0,6610.0,3044.0
ArUcoTag#49,2963.0,1405.0,1557.0,0.0,1867.0,1119.0,2466.0,2107.0,3846.0,2443.0,3261.0,1736.0,2385.0,2305.0,2098.0,2062.0,1949.0,2760.0,2751.0,1816.0,1846.0,2801.0,1761.0,3289.0,3017.0,2117.0,2344.0,2833.0,3367.0,2240.0,2447.0,4587.0,2306.0,2385.0,2025.0,2074.0,2560.0,2242.0,2063.0,2070.0,1713.0,2970.0,2008.0,1660.0,2693.0,3894.0,2740.0,2487.0,2161.0,2558.0
ArUcoTag#19,4602.0,1140.0,1295.0,1867.0,0.0,1814.0,1808.0,1321.0,1876.0,1665.0,2149.0,2224.0,2280.0,1778.0,2313.0,1850.0,1888.0,2270.0,2301.0,2360.0,1878.0,2412.0,2530.0,2008.0,2334.0,2281.0,2709.0,2520.0,1815.0,2238.0,1703.0,1911.0,2297.0,2086.0,2464.0,1963.0,2153.0,1974.0,2170.0,2325.0,1814.0,2469.0,3228.0,2218.0,2888.0,2420.0,2358.0,2465.0,2359.0,2034.0
ArUcoTag#61,5167.0,888.0,1224.0,1119.0,1814.0,0.0,1293.0,1832.0,1520.0,1681.0,2238.0,2496.0,2022.0,1706.0,1815.0,2218.0,2083.0,1530.0,2022.0,1592.0,2133.0,2582.0,1895.0,1933.0,2828.0,1879.0,2404.0,2178.0,2542.0,2874.0,1714.0,2255.0,2119.0,2637.0,2025.0,2450.0,2287.0,2433.0,2385.0,2415.0,2375.0,3200.0,3519.0,3095.0,2601.0,3642.0,2957.0,2288.0,2387.0,2735.0
ArUcoTag#32,3554.0,1596.0,1952.0,2466.0,1808.0,1293.0,0.0,2040.0,2157.0,2876.0,2092.0,2273.0,2573.0,2616.0,2529.0,2544.0,2541.0,2546.0,2218.0,2728.0,2183.0,2804.0,2456.0,2861.0,2006.0,2630.0,2314.0,3099.0,2822.0,1903.0,2856.0,2896.0,2644.0,2344.0,2181.0,4020.0,2647.0,3491.0,3121.0,2226.0,2160.0,2601.0,2305.0,2109.0,3114.0,2034.0,3920.0,3006.0,2447.0,2750.0
ArUcoTag#48,3935.0,1496.0,2197.0,2107.0,1321.0,1832.0,2040.0,0.0,2268.0,2480.0,2740.0,2628.0,2526.0,2280.0,2285.0,3160.0,2351.0,1989.0,1885.0,1923.0,3512.0,2159.0,1960.0,2540.0,2878.0,2581.0,2676.0,2887.0,2585.0,2510.0,2311.0,2518.0,3014.0,2393.0,2340.0,2374.0,3001.0,3742.0,3125.0,2803.0,2193.0,2606.0,2603.0,3282.0,2575.0,3708.0,3534.0,2685.0,2673.0,2759.0
ArUcoTag#6,3603.0,1601.0,1670.0,3846.0,1876.0,1520.0,2157.0,2268.0,0.0,2223.0,3171.0,2037.0,2501.0,3430.0,2941.0,1974.0,2455.0,2557.0,2717.0,3297.0,4407.0,2810.0,2597.0,2741.0,3081.0,3552.0,2116.0,3759.0,3194.0,1991.0,3571.0,3349.0,3401.0,2766.0,2656.0,2317.0,2626.0,2185.0,2290.0,2643.0,2799.0,2244.0,1967.0,2057.0,4705.0,2809.0,3670.0,3102.0,2036.0,2971.0
ArUcoTag#15,5095.0,2048.0,1978.0,2443.0,1665.0,1681.0,2876.0,2480.0,2223.0,0.0,1987.0,2457.0,2686.0,2319.0,2739.0,2970.0,2917.0,2538.0,1851.0,3207.0,2451.0,2247.0,3081.0,3741.0,2731.0,3348.0,3867.0,3850.0,3926.0,2891.0,3178.0,2950.0,3246.0,3202.0,3054.0,3979.0,3314.0,3837.0,2780.0,2740.0,2534.0,4258.0,2890.0,3006.0,3261.0,4795.0,4964.0,5774.0,3359.0,3716.0
ArUcoTag#23,3774.0,934.0,2343.0,3261.0,2149.0,2238.0,2092.0,2740.0,3171.0,1987.0,0.0,2177.0,2224.0,2243.0,2594.0,2529.0,2683.0,1946.0,2526.0,2091.0,1945.0,2637.0,3098.0,3012.0,2520.0,3026.0,3696.0,3429.0,3265.0,3031.0,3272.0,2894.0,3700.0,2601.0,2874.0,3105.0,3347.0,3215.0,4283.0,2379.0,2940.0,3489.0,2244.0,3503.0,2889.0,3684.0,3330.0,3545.0,3489.0,3322.0
ArUcoTag#44,7904.0,1515.0,1740.0,1736.0,2224.0,2496.0,2273.0,2628.0,2037.0,2457.0,2177.0,0.0,2498.0,2517.0,2348.0,2935.0,2356.0,2464.0,1859.0,2394.0,2535.0,2630.0,2938.0,3439.0,3350.0,2640.0,3891.0,2868.0,2336.0,2919.0,3101.0,2497.0,2290.0,3184.0,3042.0,3450.0,3323.0,2763.0,3016.0,3422.0,3460.0,4073.0,3421.0,3763.0,3145.0,4102.0,4089.0,2985.0,3397.0,2907.0
ArUcoTag#53,6462.0,1578.0,2233.0,2385.0,2280.0,2022.0,2573.0,2526.0,2501.0,2686.0,2224.0,2498.0,0.0,2867.0,3465.0,3126.0,2122.0,2862.0,1870.0,3316.0,3841.0,2788.0,3040.0,3443.0,3627.0,2713.0,3603.0,3197.0,3031.0,3604.0,3353.0,4384.0,3444.0,3913.0,3695.0,3099.0,3545.0,3082.0,3679.0,3005.0,3104.0,3759.0,3378.0,3447.0,3969.0,4296.0,3822.0,4792.0,3799.0,2666.0
ArUcoTag#5,5226.0,2007.0,1614.0,2305.0,1778.0,1706.0,2616.0,2280.0,3430.0,2319.0,2243.0,2517.0,2867.0,0.0,2209.0,2845.0,2884.0,2345.0,2175.0,2656.0,3662.0,3752.0,3529.0,3556.0,2757.0,2942.0,2408.0,3538.0,3462.0,2693.0,3681.0,2885.0,3408.0,3293.0,3835.0,4368.0,3401.0,3314.0,2902.0,2791.0,3003.0,3245.0,3140.0,2522.0,3127.0,4046.0,3349.0,3286.0,3221.0,2685.0
ArUcoTag#51,5935.0,1880.0,1670.0,2098.0,2313.0,1815.0,2529.0,2285.0,2941.0,2739.0,2594.0,2348.0,3465.0,2209.0,0.0,2460.0,3130.0,2839.0,2632.0,2632.0,3279.0,2387.0,2322.0,3869.0,3511.0,3558.0,3181.0,3462.0,3186.0,2972.0,3212.0,3656.0,2905.0,3275.0,3378.0,3075.0,3340.0,3297.0,3120.0,2821.0,3703.0,3251.0,2883.0,2950.0,3514.0,4260.0,3434.0,3541.0,2622.0,2890.0
ArUcoTag#27,4742.0,1677.0,2820.0,2062.0,1850.0,2218.0,2544.0,3160.0,1974.0,2970.0,2529.0,2935.0,3126.0,2845.0,2460.0,0.0,2506.0,2175.0,2036.0,2504.0,3919.0,2542.0,2470.0,3076.0,3891.0,2498.0,3559.0,3040.0,2839.0,2949.0,2956.0,3522.0,3280.0,3226.0,4178.0,3146.0,2860.0,3222.0,3043.0,2883.0,2489.0,4574.0,3160.0,3333.0,3730.0,3873.0,4007.0,2709.0,3349.0,2645.0
ArUcoTag#18,6340.0,2196.0,2291.0,1949.0,1888.0,2083.0,2541.0,2351.0,2455.0,2917.0,2683.0,2356.0,2122.0,2884.0,3130.0,2506.0,0.0,2447.0,2311.0,3113.0,3007.0,3258.0,2598.0,2708.0,2815.0,2199.0,3103.0,3152.0,4029.0,3005.0,2965.0,2572.0,3361.0,3376.0,3415.0,2593.0,2820.0,3300.0,2909.0,3242.0,2933.0,3361.0,2603.0,2633.0,3463.0,3735.0,3266.0,2910.0,3094.0,2927.0
ArUcoTag#40,6632.0,1707.0,2210.0,2760.0,2270.0,1530.0,2546.0,1989.0,2557.0,2538.0,1946.0,2464.0,2862.0,2345.0,2839.0,2175.0,2447.0,0.0,1774.0,2400.0,3290.0,2988.0,2563.0,2803.0,4214.0,2276.0,2947.0,3200.0,3157.0,3125.0,3680.0,3149.0,2755.0,3273.0,3000.0,2855.0,2471.0,3222.0,3046.0,2628.0,2039.0,3375.0,3053.0,3013.0,3128.0,3286.0,3617.0,3374.0,3022.0,2942.0
ArUcoTag#17,5056.0,943.0,1971.0,2751.0,2301.0,2022.0,2218.0,1885.0,2717.0,1851.0,2526.0,1859.0,1870.0,2175.0,2632.0,2036.0,2311.0,1774.0,0.0,1677.0,2649.0,2552.0,2508.0,3127.0,2944.0,2680.0,3054.0,4192.0,2593.0,1900.0,2776.0,2554.0,3320.0,1950.0,2385.0,3439.0,2255.0,3280.0,2502.0,3076.0,2754.0,2920.0,2119.0,2988.0,2724.0,4295.0,1940.0,2983.0,2427.0,3651.0
ArUcoTag#4,4777.0,1858.0,1940.0,1816.0,2360.0,1592.0,2728.0,1923.0,3297.0,3207.0,2091.0,2394.0,3316.0,2656.0,2632.0,2504.0,3113.0,2400.0,1677.0,0.0,2577.0,2535.0,2864.0,3269.0,3599.0,2591.0,2586.0,2956.0,2692.0,3266.0,2340.0,2622.0,2789.0,3169.0,2186.0,4248.0,2891.0,2816.0,2209.0,2202.0,2763.0,2448.0,2740.0,2369.0,3896.0,4023.0,3099.0,2804.0,3308.0,5433.0
ArUcoTag#39,3921.0,1352.0,2021.0,1846.0,1878.0,2133.0,2183.0,3512.0,4407.0,2451.0,1945.0,2535.0,3841.0,3662.0,3279.0,3919.0,3007.0,3290.0,2649.0,2577.0,0.0,2841.0,2046.0,3028.0,3417.0,2773.0,4190.0,3322.0,2977.0,3480.0,3406.0,3323.0,4039.0,2917.0,3160.0,2433.0,3511.0,2967.0,2062.0,3566.0,2822.0,4208.0,2495.0,2541.0,3946.0,3175.0,3110.0,3171.0,3742.0,3044.0
ArUcoTag#36,6665.0,1980.0,3015.0,2801.0,2412.0,2582.0,2804.0,2159.0,2810.0,2247.0,2637.0,2630.0,2788.0,3752.0,2387.0,2542.0,3258.0,2988.0,2552.0,2535.0,2841.0,0.0,2216.0,3421.0,3461.0,3314.0,3784.0,2846.0,2877.0,3540.0,3641.0,2837.0,3962.0,3895.0,4337.0,2838.0,3421.0,3105.0,2460.0,2865.0,2871.0,2753.0,2663.0,2880.0,3486.0,3724.0,3503.0,3366.0,2936.0,4526.0
ArUcoTag#55,5553.0,1179.0,1308.0,1761.0,2530.0,1895.0,2456.0,1960.0,2597.0,3081.0,3098.0,2938.0,3040.0,3529.0,2322.0,2470.0,2598.0,2563.0,2508.0,2864.0,2046.0,2216.0,0.0,2763.0,2821.0,2082.0,2447.0,2442.0,2427.0,3185.0,3233.0,2542.0,2839.0,3293.0,2976.0,2182.0,3231.0,2800.0,2607.0,2015.0,3738.0,3788.0,3055.0,2624.0,2791.0,3616.0,3131.0,3070.0,3188.0,2150.0
ArUcoTag#14,5884.0,2120.0,2192.0,3289.0,2008.0,1933.0,2861.0,2540.0,2741.0,3741.0,3012.0,3439.0,3443.0,3556.0,3869.0,3076.0,2708.0,2803.0,3127.0,3269.0,3028.0,3421.0,2763.0,0.0,2742.0,4084.0,4094.0,3703.0,4168.0,5004.0,3013.0,3062.0,3420.0,3795.0,3521.0,3140.0,4105.0,3555.0,3218.0,3839.0,3553.0,3449.0,3714.0,2660.0,3983.0,4806.0,4704.0,4066.0,3296.0,3064.0
ArUcoTag#30,5025.0,1668.0,2088.0,3017.0,2334.0,2828.0,2006.0,2878.0,3081.0,2731.0,2520.0,3350.0,3627.0,2757.0,3511.0,3891.0,2815.0,4214.0,2944.0,3599.0,3417.0,3461.0,2821.0,2742.0,0.0,3833.0,3100.0,4281.0,4099.0,5572.0,3611.0,3822.0,3543.0,3357.0,4359.0,3689.0,4227.0,4078.0,3754.0,3206.0,2763.0,4018.0,3178.0,3874.0,3734.0,4651.0,4084.0,3880.0,3441.0,3096.0
ArUcoTag#33,6139.0,1702.0,1975.0,2117.0,2281.0,1879.0,2630.0,2581.0,3552.0,3348.0,3026.0,2640.0,2713.0,2942.0,3558.0,2498.0,2199.0,2276.0,2680.0,2591.0,2773.0,3314.0,2082.0,4084.0,3833.0,0.0,3361.0,3646.0,3839.0,3962.0,3584.0,3612.0,3753.0,2791.0,3057.0,4401.0,4880.0,4533.0,5466.0,3212.0,3246.0,3372.0,3178.0,2429.0,3314.0,4411.0,3367.0,3831.0,3260.0,3738.0
ArUcoTag#46,4651.0,1864.0,2182.0,2344.0,2709.0,2404.0,2314.0,2676.0,2116.0,3867.0,3696.0,3891.0,3603.0,2408.0,3181.0,3559.0,3103.0,2947.0,3054.0,2586.0,4190.0,3784.0,2447.0,4094.0,3100.0,3361.0,0.0,3415.0,4066.0,3518.0,3413.0,4801.0,3197.0,4060.0,3751.0,3794.0,3980.0,4122.0,3756.0,3874.0,2830.0,5023.0,3033.0,3315.0,3076.0,3738.0,4254.0,3475.0,3920.0,3097.0
ArUcoTag#20,5040.0,2987.0,2402.0,2833.0,2520.0,2178.0,3099.0,2887.0,3759.0,3850.0,3429.0,2868.0,3197.0,3538.0,3462.0,3040.0,3152.0,3200.0,4192.0,2956.0,3322.0,2846.0,2442.0,3703.0,4281.0,3646.0,3415.0,0.0,4136.0,3472.0,4053.0,4629.0,3816.0,3723.0,4342.0,2614.0,3951.0,4157.0,5213.0,3316.0,3773.0,3291.0,2906.0,3424.0,3875.0,5331.0,5081.0,6933.0,3367.0,2982.0
ArUcoTag#38,3584.0,2330.0,1743.0,3367.0,1815.0,2542.0,2822.0,2585.0,3194.0,3926.0,3265.0,2336.0,3031.0,3462.0,3186.0,2839.0,4029.0,3157.0,2593.0,2692.0,2977.0,2877.0,2427.0,4168.0,4099.0,3839.0,4066.0,4136.0,0.0,2976.0,3641.0,3371.0,2984.0,3329.0,3922.0,3892.0,4029.0,4487.0,3651.0,3356.0,2743.0,3053.0,2788.0,3040.0,3653.0,3446.0,3644.0,4542.0,3315.0,3390.0
ArUcoTag#11,5371.0,1884.0,2023.0,2240.0,2238.0,2874.0,1903.0,2510.0,1991.0,2891.0,3031.0,2919.0,3604.0,2693.0,2972.0,2949.0,3005.0,3125.0,1900.0,3266.0,3480.0,3540.0,3185.0,5004.0,5572.0,3962.0,3518.0,3472.0,2976.0,0.0,3388.0,2987.0,3359.0,4242.0,3814.0,4164.0,4009.0,3743.0,3498.0,3513.0,3037.0,3532.0,2962.0,3495.0,3820.0,4736.0,4510.0,4861.0,3111.0,2884.0
ArUcoTag#12,7684.0,1907.0,2149.0,2447.0,1703.0,1714.0,2856.0,2311.0,3571.0,3178.0,3272.0,3101.0,3353.0,3681.0,3212.0,2956.0,2965.0,3680.0,2776.0,2340.0,3406.0,3641.0,3233.0,3013.0,3611.0,3584.0,3413.0,4053.0,3641.0,3388.0,0.0,3150.0,3492.0,4426.0,4181.0,3034.0,4325.0,4263.0,3607.0,3492.0,3047.0,3728.0,3138.0,3489.0,4597.0,5402.0,4143.0,3985.0,4461.0,5205.0
ArUcoTag#25,6769.0,2114.0,2044.0,4587.0,1911.0,2255.0,2896.0,2518.0,3349.0,2950.0,2894.0,2497.0,4384.0,2885.0,3656.0,3522.0,2572.0,3149.0,2554.0,2622.0,3323.0,2837.0,2542.0,3062.0,3822.0,3612.0,4801.0,4629.0,3371.0,2987.0,3150.0,0.0,4038.0,3858.0,3682.0,2841.0,3411.0,3653.0,3434.0,3585.0,3796.0,3632.0,2668.0,3120.0,5395.0,4105.0,4294.0,3361.0,3269.0,3631.0
ArUcoTag#21,6256.0,1693.0,3232.0,2306.0,2297.0,2119.0,2644.0,3014.0,3401.0,3246.0,3700.0,2290.0,3444.0,3408.0,2905.0,3280.0,3361.0,2755.0,3320.0,2789.0,4039.0,3962.0,2839.0,3420.0,3543.0,3753.0,3197.0,3816.0,2984.0,3359.0,3492.0,4038.0,0.0,3270.0,2906.0,2859.0,3230.0,3800.0,3361.0,3269.0,4698.0,2926.0,3462.0,3488.0,2837.0,4099.0,4489.0,3836.0,3199.0,3816.0
ArUcoTag#57,6924.0,2296.0,2676.0,2385.0,2086.0,2637.0,2344.0,2393.0,2766.0,3202.0,2601.0,3184.0,3913.0,3293.0,3275.0,3226.0,3376.0,3273.0,1950.0,3169.0,2917.0,3895.0,3293.0,3795.0,3357.0,2791.0,4060.0,3723.0,3329.0,4242.0,4426.0,3858.0,3270.0,0.0,2917.0,3735.0,3861.0,3627.0,4691.0,4095.0,3634.0,4424.0,4047.0,3828.0,3140.0,4924.0,4172.0,4355.0,3791.0,3345.0
ArUcoTag#59,6283.0,1531.0,2233.0,2025.0,2464.0,2025.0,2181.0,2340.0,2656.0,3054.0,2874.0,3042.0,3695.0,3835.0,3378.0,4178.0,3415.0,3000.0,2385.0,2186.0,3160.0,4337.0,2976.0,3521.0,4359.0,3057.0,3751.0,4342.0,3922.0,3814.0,4181.0,3682.0,2906.0,2917.0,0.0,3630.0,2861.0,3315.0,3615.0,3468.0,3402.0,3948.0,3590.0,3294.0,3231.0,4690.0,4398.0,3773.0,3671.0,4164.0
ArUcoTag#3,5660.0,1429.0,2419.0,2074.0,1963.0,2450.0,4020.0,2374.0,2317.0,3979.0,3105.0,3450.0,3099.0,4368.0,3075.0,3146.0,2593.0,2855.0,3439.0,4248.0,2433.0,2838.0,2182.0,3140.0,3689.0,4401.0,3794.0,2614.0,3892.0,4164.0,3034.0,2841.0,2859.0,3735.0,3630.0,0.0,3332.0,2942.0,3485.0,4536.0,3047.0,4144.0,3642.0,3656.0,4084.0,4525.0,4523.0,4265.0,4116.0,3209.0
ArUcoTag#2,6609.0,1677.0,2058.0,2560.0,2153.0,2287.0,2647.0,3001.0,2626.0,3314.0,3347.0,3323.0,3545.0,3401.0,3340.0,2860.0,2820.0,2471.0,2255.0,2891.0,3511.0,3421.0,3231.0,4105.0,4227.0,4880.0,3980.0,3951.0,4029.0,4009.0,4325.0,3411.0,3230.0,3861.0,2861.0,3332.0,0.0,3242.0,3335.0,3929.0,3489.0,4836.0,3313.0,4280.0,5021.0,3719.0,3907.0,3264.0,2848.0,4061.0
ArUcoTag#28,5355.0,2182.0,1727.0,2242.0,1974.0,2433.0,3491.0,3742.0,2185.0,3837.0,3215.0,2763.0,3082.0,3314.0,3297.0,3222.0,3300.0,3222.0,3280.0,2816.0,2967.0,3105.0,2800.0,3555.0,4078.0,4533.0,4122.0,4157.0,4487.0,3743.0,4263.0,3653.0,3800.0,3627.0,3315.0,2942.0,3242.0,0.0,3522.0,3371.0,3076.0,3909.0,3104.0,3779.0,3967.0,5244.0,3870.0,4675.0,3073.0,3914.0
ArUcoTag#58,7541.0,2190.0,2093.0,2063.0,2170.0,2385.0,3121.0,3125.0,2290.0,2780.0,4283.0,3016.0,3679.0,2902.0,3120.0,3043.0,2909.0,3046.0,2502.0,2209.0,2062.0,2460.0,2607.0,3218.0,3754.0,5466.0,3756.0,5213.0,3651.0,3498.0,3607.0,3434.0,3361.0,4691.0,3615.0,3485.0,3335.0,3522.0,0.0,3149.0,2908.0,3293.0,3032.0,3305.0,3117.0,4316.0,4777.0,3479.0,3936.0,3024.0
ArUcoTag#41,10211.0,1361.0,2028.0,2070.0,2325.0,2415.0,2226.0,2803.0,2643.0,2740.0,2379.0,3422.0,3005.0,2791.0,2821.0,2883.0,3242.0,2628.0,3076.0,2202.0,3566.0,2865.0,2015.0,3839.0,3206.0,3212.0,3874.0,3316.0,3356.0,3513.0,3492.0,3585.0,3269.0,4095.0,3468.0,4536.0,3929.0,3371.0,3149.0,0.0,3442.0,3838.0,3694.0,3819.0,4082.0,5349.0,5050.0,3544.0,4112.0,3561.0
ArUcoTag#43,9087.0,1038.0,1833.0,1713.0,1814.0,2375.0,2160.0,2193.0,2799.0,2534.0,2940.0,3460.0,3104.0,3003.0,3703.0,2489.0,2933.0,2039.0,2754.0,2763.0,2822.0,2871.0,3738.0,3553.0,2763.0,3246.0,2830.0,3773.0,2743.0,3037.0,3047.0,3796.0,4698.0,3634.0,3402.0,3047.0,3489.0,3076.0,2908.0,3442.0,0.0,3332.0,3977.0,3798.0,3428.0,4431.0,3090.0,3691.0,3546.0,4840.0
ArUcoTag#47,6959.0,1199.0,2201.0,2970.0,2469.0,3200.0,2601.0,2606.0,2244.0,4258.0,3489.0,4073.0,3759.0,3245.0,3251.0,4574.0,3361.0,3375.0,2920.0,2448.0,4208.0,2753.0,3788.0,3449.0,4018.0,3372.0,5023.0,3291.0,3053.0,3532.0,3728.0,3632.0,2926.0,4424.0,3948.0,4144.0,4836.0,3909.0,3293.0,3838.0,3332.0,0.0,3605.0,3683.0,4105.0,5160.0,6440.0,3469.0,4392.0,3866.0
ArUcoTag#29,8170.0,1078.0,2131.0,2008.0,3228.0,3519.0,2305.0,2603.0,1967.0,2890.0,2244.0,3421.0,3378.0,3140.0,2883.0,3160.0,2603.0,3053.0,2119.0,2740.0,2495.0,2663.0,3055.0,3714.0,3178.0,3178.0,3033.0,2906.0,2788.0,2962.0,3138.0,2668.0,3462.0,4047.0,3590.0,3642.0,3313.0,3104.0,3032.0,3694.0,3977.0,3605.0,0.0,3614.0,4575.0,5240.0,4652.0,3226.0,4863.0,4970.0
ArUcoTag#9,7654.0,2035.0,1611.0,1660.0,2218.0,3095.0,2109.0,3282.0,2057.0,3006.0,3503.0,3763.0,3447.0,2522.0,2950.0,3333.0,2633.0,3013.0,2988.0,2369.0,2541.0,2880.0,2624.0,2660.0,3874.0,2429.0,3315.0,3424.0,3040.0,3495.0,3489.0,3120.0,3488.0,3828.0,3294.0,3656.0,4280.0,3779.0,3305.0,3819.0,3798.0,3683.0,3614.0,0.0,3212.0,4159.0,4617.0,3997.0,6678.0,3816.0
ArUcoTag#50,12613.0,1687.0,2446.0,2693.0,2888.0,2601.0,3114.0,2575.0,4705.0,3261.0,2889.0,3145.0,3969.0,3127.0,3514.0,3730.0,3463.0,3128.0,2724.0,3896.0,3946.0,3486.0,2791.0,3983.0,3734.0,3314.0,3076.0,3875.0,3653.0,3820.0,4597.0,5395.0,2837.0,3140.0,3231.0,4084.0,5021.0,3967.0,3117.0,4082.0,3428.0,4105.0,4575.0,3212.0,0.0,4168.0,4945.0,5539.0,4103.0,4377.0
ArUcoTag#7,9420.0,1385.0,3046.0,3894.0,2420.0,3642.0,2034.0,3708.0,2809.0,4795.0,3684.0,4102.0,4296.0,4046.0,4260.0,3873.0,3735.0,3286.0,4295.0,4023.0,3175.0,3724.0,3616.0,4806.0,4651.0,4411.0,3738.0,5331.0,3446.0,4736.0,5402.0,4105.0,4099.0,4924.0,4690.0,4525.0,3719.0,5244.0,4316.0,5349.0,4431.0,5160.0,5240.0,4159.0,4168.0,0.0,4684.0,5467.0,5016.0,4135.0
ArUcoTag#10,6371.0,2419.0,2339.0,2740.0,2358.0,2957.0,3920.0,3534.0,3670.0,4964.0,3330.0,4089.0,3822.0,3349.0,3434.0,4007.0,3266.0,3617.0,1940.0,3099.0,3110.0,3503.0,3131.0,4704.0,4084.0,3367.0,4254.0,5081.0,3644.0,4510.0,4143.0,4294.0,4489.0,4172.0,4398.0,4523.0,3907.0,3870.0,4777.0,5050.0,3090.0,6440.0,4652.0,4617.0,4945.0,4684.0,0.0,3994.0,3981.0,4365.0
ArUcoTag#26,6345.0,2864.0,3017.0,2487.0,2465.0,2288.0,3006.0,2685.0,3102.0,5774.0,3545.0,2985.0,4792.0,3286.0,3541.0,2709.0,2910.0,3374.0,2983.0,2804.0,3171.0,3366.0,3070.0,4066.0,3880.0,3831.0,3475.0,6933.0,4542.0,4861.0,3985.0,3361.0,3836.0,4355.0,3773.0,4265.0,3264.0,4675.0,3479.0,3544.0,3691.0,3469.0,3226.0,3997.0,5539.0,5467.0,3994.0,0.0,3715.0,4318.0
ArUcoTag#42,8194.0,1425.0,6610.0,2161.0,2359.0,2387.0,2447.0,2673.0,2036.0,3359.0,3489.0,3397.0,3799.0,3221.0,2622.0,3349.0,3094.0,3022.0,2427.0,3308.0,3742.0,2936.0,3188.0,3296.0,3441.0,3260.0,3920.0,3367.0,3315.0,3111.0,4461.0,3269.0,3199.0,3791.0,3671.0,4116.0,2848.0,3073.0,3936.0,4112.0,3546.0,4392.0,4863.0,6678.0,4103.0,5016.0,3981.0,3715.0,0.0,3812.0
ArUcoTag#52,9499.0,1430.0,3044.0,2558.0,2034.0,2735.0,2750.0,2759.0,2971.0,3716.0,3322.0,2907.0,2666.0,2685.0,2890.0,2645.0,2927.0,2942.0,3651.0,5433.0,3044.0,4526.0,2150.0,3064.0,3096.0,3738.0,3097.0,2982.0,3390.0,2884.0,5205.0,3631.0,3816.0,3345.0,4164.0,3209.0,4061.0,3914.0,3024.0,3561.0,4840.0,3866.0,4970.0,3816.0,4377.0,4135.0,4365.0,4318.0,3812.0,0.0
